.Random.seed <-
c(403L, 10L, 2123441138L, -1682434236L, -1696851961L, -1334888995L, 
-1533676844L, 1595899386L, -348163771L, 1238930847L, 1014982438L, 
101083056L, -1037155245L, 201768817L, -364513632L, 97311294L, 
-1111510711L, 1370247163L, -1117580342L, 450997548L, -15654609L, 
-1569173531L, -1097855332L, -494069006L, -618325139L, -777575257L, 
-562544946L, -456920024L, 666552363L, -141981111L, -357473448L, 
1723297286L, 745273313L, 1785709939L, 1007119842L, 2002002260L, 
-301297577L, -548914099L, 1726541796L, -2105500214L, 178627637L, 
-1054580081L, -454747242L, -1283381440L, 227494403L, -1140641759L, 
1758714640L, 2093807854L, -1539704679L, 389131563L, -652934118L, 
1344108252L, 994500319L, 676862133L, -652218804L, 1147466402L, 
-552470019L, -230960393L, -1953876962L, 538705624L, 665797179L, 
-1547501607L, -413063832L, 1043559574L, -789958127L, -2109109309L, 
-1447274542L, -496197020L, 1739579815L, -1139302659L, -1705243916L, 
1622318554L, 2099556645L, 1822591039L, 304490438L, -1923777456L, 
-853979021L, -94731119L, 1792586944L, -2077395298L, 48515689L, 
-99554661L, -1758705750L, 355578828L, 52776591L, -490074427L, 
-225352068L, 1031097042L, -823730611L, -215043321L, 1239529198L, 
-419826744L, -394173237L, -401130199L, -551989896L, -1921518938L, 
1358812353L, -1202805421L, 956178946L, 2110085940L, 407795895L, 
-246792019L, 2088771012L, -794735126L, -877202859L, 1211448303L, 
1536367606L, 604581152L, -231505181L, -675310719L, -1991539216L, 
1694104718L, 987612153L, 1457824139L, 1147862458L, -715078468L, 
-61671425L, -643623595L, 17434220L, 1517531842L, 1754035485L, 
-823407721L, -328253698L, 1284504760L, 1907584667L, 1325546745L, 
1481539144L, -1988626058L, -603103055L, -1357556509L, 1898718130L, 
-1564861436L, 1389109063L, 715306525L, 1720798356L, 863796282L, 
1395979909L, -489535649L, 2117240806L, 682109552L, -208667245L, 
-1694414287L, 1734256864L, 1617854846L, 833086473L, 113976379L, 
-1357559286L, -1359621652L, 976422511L, -879007323L, 2092421468L, 
-1253249742L, -4852691L, -1102247193L, -373317618L, -2018979352L, 
-1586170901L, -1772106615L, 1894561816L, 1447544646L, -1635052127L, 
1999539251L, -593034846L, 1085437076L, 1821721367L, 984534285L, 
2147134500L, -1867637750L, -1942085259L, 1871976655L, 816118742L, 
2061661056L, 1030612931L, 2038157665L, -73328688L, -1213587666L, 
807985881L, 1813471467L, 1026036058L, -1868580068L, 54873631L, 
660928117L, -652950772L, -288170270L, 1753199549L, 839214135L, 
2062018270L, 810365464L, 1616919931L, 54555929L, 760576424L, 
1366502742L, -439177775L, -1168530045L, -1968595950L, -225159260L, 
976613223L, -335115075L, 642739252L, 565387162L, 1776450533L, 
-397772929L, 1475053318L, 1541804176L, -1962907341L, -2142765359L, 
935046272L, -187974306L, -755330391L, -1532404389L, 1772314474L, 
1097586188L, -1596137905L, 364753669L, -718380100L, 1711462034L, 
1962521997L, 836830663L, 205158062L, -227401976L, -893207285L, 
-293618711L, 1292418232L, -1587070106L, 1479782401L, 374365843L, 
1823457602L, -1881919756L, 1259838199L, -266369424L, -1586869212L, 
665035576L, -1163895654L, 1680583376L, 356016316L, 1227046548L, 
1443556994L, -1013065536L, 1567357756L, 1063488656L, 1188142626L, 
251961352L, 1804977420L, 663913628L, 544988690L, 161091456L, 
1711400468L, 146768424L, -1080021702L, 1639170512L, -949076884L, 
1146378548L, -1025921390L, 352244576L, -1510808756L, -1219381280L, 
-74655838L, 809891752L, 1146719628L, -1962446660L, 788222322L, 
-1351594768L, 50892868L, 1665513816L, -1497465286L, -773186704L, 
-1518561220L, -2068228332L, -2021081662L, 1124012768L, -594219140L, 
-1017143600L, -982880094L, -473357272L, 1248642316L, 577327036L, 
248590642L, 2097082816L, 1100511796L, -1269468216L, 1515884730L, 
887744912L, 304335340L, 910309972L, -1548408686L, 504899360L, 
1980944844L, -176863776L, -2117159230L, 315522088L, 1287772844L, 
76215484L, -2091605518L, 956604720L, -644186972L, -1838723400L, 
-1960759974L, 851504528L, 1934154620L, -544538348L, 739562306L, 
-1157166336L, -2029144132L, 57911120L, -2062716126L, -613911224L, 
-1360608756L, -902694820L, -266644270L, 746512896L, 2141066580L, 
-627318296L, -739881990L, 246378704L, 81784108L, 1472201460L, 
-566611566L, -1236655008L, -1119097588L, 1719616224L, -1526533790L, 
1678678696L, -553180596L, -970438276L, -461144782L, -54353808L, 
1103740740L, -1558555176L, -459867014L, -1850110416L, -34827588L, 
163018580L, 466605122L, -279896672L, 153848508L, 1709445584L, 
-154086046L, 1675329512L, 863928268L, -1616574724L, 1191205362L, 
-267366272L, -1733501708L, 1688821384L, -670920902L, -2052195504L, 
1615519340L, -2035672940L, -504305326L, 153376480L, 26745548L, 
-1309626208L, 200268674L, -1342680344L, -1335708948L, 1400605756L, 
-1524118926L, -1291598736L, -1213145564L, -329401288L, 630646810L, 
-869967152L, 442412092L, -817191788L, -296428414L, -1633140800L, 
636973372L, 1120778896L, -780508126L, -1436826616L, 2131830924L, 
-1235143652L, 1077112466L, 1297785984L, -1733054444L, -931807960L, 
-466227654L, -151270192L, -1387043732L, 1378190004L, -656158702L, 
112187360L, -594651188L, 11632096L, -1321249246L, -486178520L, 
1657526540L, 395028028L, 922349810L, 1644823280L, 502137668L, 
-647204264L, 942103098L, -1159659792L, -1039465284L, 1008375316L, 
334592194L, -893921184L, 1813550460L, -1346071344L, 1916566562L, 
1004307112L, -1932904564L, -7171652L, 684119090L, -757762240L, 
-988464972L, -1777398968L, 1258027706L, 684635920L, -2024136468L, 
-2065750956L, 1524551442L, -1454195808L, 1552207820L, -1542419616L, 
2071564482L, -390470104L, 2045928876L, 904675132L, -1206790286L, 
1735027504L, -738569692L, -1008945096L, -651238182L, -1203238512L, 
716416764L, -1567723628L, -1813427390L, -958373376L, 805788220L, 
215440976L, -622380382L, -275170488L, -853589492L, 1412152540L, 
-2007733678L, -382572416L, 1383050068L, 1268365800L, 100834042L, 
1662207824L, 2091064364L, -127400588L, 1632409234L, -335705504L, 
-1399041396L, 1066257248L, -1891994910L, -316505944L, -272109364L, 
-1375749636L, 1178722226L, -1223465488L, -1400945212L, -1107726504L, 
-1572644889L, 82672656L, 784470318L, 1223972315L, 208116413L, 
-539656150L, 1792915656L, -1996349967L, -691033245L, -219436188L, 
15311506L, -1943543961L, 1744990513L, -657253770L, 1806879636L, 
-1852186715L, 700502191L, -1707061912L, 623537478L, 722455795L, 
1585664597L, 2056154674L, 1076571136L, 334061801L, 1722718043L, 
486732204L, -2117660230L, 569093999L, 1174098169L, -2110970482L, 
-1752704932L, -1282835763L, -2080203209L, -395459392L, 2041691038L, 
1139181675L, -142202899L, 1009363546L, -1987588840L, 1015020161L, 
1020766259L, 1467027028L, -999019934L, 1992064247L, -1011636415L, 
-1386945082L, 1981855492L, -1370750283L, 188800415L, -1350987272L, 
-1899749418L, -1235404189L, 1872314917L, -1769092670L, 1345015472L, 
687584985L, 1060991051L, -1462235460L, -210002710L, 724912415L, 
1360370089L, -218742978L, 1054034476L, 1564932221L, 1320340167L, 
1276392368L, -259725874L, 961730299L, 315592029L, -1085831542L, 
-200899416L, -1597587439L, -2031578877L, 62290948L, 1645622322L, 
640760967L, -1752418095L, 263559766L, -19103180L, 1121560901L, 
1212937103L, -1486555384L, -178544346L, 1273143763L, 1557572405L, 
-1972114798L, 341331552L, 777934793L, -1076156677L, 748202188L, 
1590305114L, 1057033295L, 1962647833L, 35019566L, -410327748L, 
600367789L, -391037609L, -2072519520L, -1186530818L, 1082623179L, 
-721939763L, 56929786L, 1902132792L, -28630047L, -1943925613L, 
-1676384588L, 285727682L, 1516625879L, 1175146529L, -476399642L, 
-220998940L, -619846123L, -1508123073L, 233074136L, 904344566L, 
97594371L, -1829380283L, -163800222L, -698489648L, 1380986873L, 
612045611L, -1456367460L, -775489846L, -1047220289L, -1771111671L, 
122516510L, 1069350348L, 306190237L, -134897113L, 207695952L, 
-1126778642L, -1342577253L, -2144621571L, -667584790L, -364035704L, 
72126257L, -1109975133L, -1121241180L, 2090852946L, 1732655527L, 
-1064178191L, -672671434L, -2060242476L, -772139163L, 785844079L, 
1276471720L, -250458362L, 1284119091L, -705935211L, 2072688882L, 
